Loading tokenized datasets...
Loading tokenizer...
Loading GPT-Neo-125M model...
config.json: 
 1.01k/? [00:00<00:00, 106kB/s]
`torch_dtype` is deprecated! Use `dtype` instead!
model.safetensors: 100%
 526M/526M [00:02<00:00, 393MB/s]
generation_config.json: 100%
 119/119 [00:00<00:00, 15.2kB/s]
First training example:
{'input_ids': [1639, 389, 33430, 11, 6493, 2130, 13456, 3967, 10825, 13, 198, 198, 3620, 2394, 2849, 1847, 22904, 13918, 25, 14087, 11, 38456, 1222, 33733, 2295, 36083, 198, 12, 28921, 378, 511, 3967, 7666, 17170, 198, 12, 10478, 606, 6799, 273, 290, 9144, 262, 2589, 198, 12, 14711, 32885, 606, 284, 4003, 644, 8639, 284, 428, 4203, 198, 12, 3254, 20540, 326, 3967, 10825, 389, 355, 1593, 355, 2408, 3392, 198, 198, 19535, 47, 1340, 5188, 3486, 31190, 16219, 25, 198, 16, 13, 28921, 378, 25, 366, 2504, 338, 7932, 0, 314, 1101, 523, 9675, 345, 821, 4203, 428, 835, 526, 198, 17, 13, 41401, 25, 366, 2061, 338, 14329, 284, 777, 3967, 7666, 1701, 198, 18, 13, 311, 5570, 25, 10478, 606, 3938, 1998, 290, 9144, 262, 2589, 198, 19, 13, 36901, 25, 366, 2061, 857, 428, 1560, 345, 546, 644, 6774, 345, 8716, 1701, 198, 20, 13, 14711, 32885, 25, 7929, 606, 287, 6095, 517, 286, 644, 1838, 606, 1254, 922, 198, 198, 11357, 36, 25, 25692, 11, 4681, 2870, 11, 8768, 11, 12577, 198, 10116, 46, 2389, 25, 360, 696, 3101, 511, 8716, 11, 6509, 546, 340, 7464, 11, 11422, 1426, 11365, 198, 198, 12982, 25, 314, 1101, 4203, 523, 474, 5098, 0, 198, 198, 48902, 25, 198, 27, 15037, 45532, 29, 198, 2504, 338, 9623, 1705, 0, 1867, 338, 1642, 345, 1254, 523, 922, 30, 198, 3556, 15037, 45532, 29, 50256, 50256, 50256, 50256, 50256, 50256, 50256, 50256, 50256, 50256, 50256, 50256, 50256, 50256, 50256, 50256, 50256, 50256, 50256, 50256, 50256, 50256, 50256, 50256, 50256, 50256, 50256, 50256, 50256, 50256, 50256, 50256, 50256, 50256, 50256, 50256, 50256, 50256, 50256, 50256, 50256, 50256, 50256, 50256, 50256, 50256, 50256, 50256, 50256, 50256, 50256, 50256, 50256, 50256, 50256, 50256, 50256, 50256, 50256, 50256, 50256, 50256, 50256, 50256, 50256, 50256, 50256, 50256, 50256, 50256, 50256, 50256, 50256, 50256, 50256, 50256, 50256, 50256, 50256, 50256, 50256, 50256, 50256, 50256, 50256, 50256, 50256, 50256, 50256, 50256, 50256, 50256, 50256, 50256, 50256, 50256, 50256, 50256, 50256, 50256, 50256, 50256, 50256, 50256, 50256, 50256, 50256, 50256, 50256, 50256, 50256, 50256, 50256, 50256, 50256, 50256, 50256, 50256, 50256, 50256, 50256, 50256, 50256, 50256, 50256, 50256, 50256, 50256, 50256, 50256, 50256, 50256, 50256, 50256, 50256, 50256, 50256, 50256, 50256, 50256, 50256, 50256, 50256, 50256, 50256, 50256, 50256, 50256, 50256, 50256, 50256, 50256, 50256, 50256, 50256, 50256, 50256, 50256, 50256, 50256, 50256, 50256, 50256, 50256, 50256, 50256, 50256, 50256, 50256, 50256, 50256, 50256, 50256, 50256, 50256, 50256, 50256, 50256, 50256, 50256, 50256, 50256, 50256, 50256, 50256, 50256, 50256, 50256, 50256, 50256, 50256, 50256, 50256, 50256, 50256, 50256, 50256, 50256, 50256, 50256, 50256, 50256, 50256, 50256, 50256, 50256, 50256, 50256, 50256, 50256, 50256, 50256, 50256, 50256, 50256, 50256, 50256, 50256, 50256, 50256, 50256, 50256, 50256, 50256, 50256, 50256, 50256, 50256, 50256, 50256, 50256, 50256, 50256, 50256, 50256, 50256, 50256, 50256, 50256, 50256, 50256, 50256, 50256, 50256, 50256, 50256, 50256, 50256, 50256, 50256, 50256, 50256, 50256, 50256, 50256, 50256, 50256, 50256, 50256, 50256, 50256, 50256, 50256, 50256, 50256, 50256, 50256, 50256, 50256, 50256, 50256, 50256, 50256, 50256, 50256, 50256, 50256, 50256, 50256, 50256, 50256, 50256, 50256, 50256, 50256, 50256, 50256, 50256, 50256, 50256, 50256, 50256, 50256, 50256, 50256, 50256, 50256, 50256, 50256, 50256, 50256, 50256, 50256, 50256, 50256, 50256, 50256, 50256, 50256, 50256, 50256, 50256, 50256, 50256, 50256, 50256, 50256, 50256, 50256, 50256, 50256, 50256, 50256, 50256, 50256, 50256, 50256, 50256, 50256, 50256, 50256, 50256, 50256, 50256, 50256, 50256, 50256, 50256, 50256, 50256, 50256, 50256, 50256, 50256, 50256, 50256, 50256, 50256, 50256, 50256, 50256, 50256, 50256, 50256, 50256, 50256, 50256, 50256, 50256, 50256, 50256, 50256, 50256, 50256, 50256, 50256, 50256, 50256, 50256, 50256, 50256, 50256, 50256, 50256, 50256, 50256, 50256, 50256, 50256, 50256, 50256, 50256, 50256, 50256, 50256, 50256, 50256, 50256, 50256, 50256, 50256, 50256, 50256, 50256, 50256, 50256, 50256, 50256, 50256, 50256, 50256, 50256, 50256, 50256, 50256, 50256, 50256, 50256, 50256, 50256, 50256, 50256, 50256, 50256, 50256, 50256, 50256, 50256, 50256, 50256, 50256, 50256, 50256, 50256, 50256, 50256, 50256, 50256, 50256, 50256, 50256, 50256, 50256, 50256, 50256, 50256, 50256, 50256, 50256, 50256, 50256, 50256, 50256, 50256, 50256, 50256, 50256, 50256, 50256, 50256, 50256, 50256, 50256, 50256, 50256, 50256, 50256, 50256, 50256, 50256, 50256, 50256, 50256, 50256, 50256, 50256, 50256, 50256, 50256, 50256, 50256, 50256, 50256, 50256, 50256, 50256, 50256, 50256, 50256, 50256, 50256, 50256, 50256, 50256, 50256, 50256, 50256, 50256, 50256, 50256, 50256, 50256, 50256, 50256, 50256, 50256, 50256, 50256, 50256, 50256, 50256, 50256, 50256, 50256, 50256, 50256, 50256, 50256, 50256, 50256, 50256, 50256, 50256, 50256, 50256, 50256, 50256, 50256, 50256, 50256, 50256, 50256, 50256, 50256, 50256, 50256, 50256, 50256, 50256, 50256, 50256, 50256, 50256, 50256, 50256], 'labels': [-100, -100, -100, -100, -100, -100, -100, -100, -100, -100, -100, -100, -100, -100, -100, -100, -100, -100, -100, -100, -100, -100, -100, -100, -100, -100, -100, -100, -100, -100, -100, -100, -100, -100, -100, -100, -100, -100, -100, -100, -100, -100, -100, -100, -100, -100, -100, -100, -100, -100, -100, -100, -100, -100, -100, -100, -100, -100, -100, -100, -100, -100, -100, -100, -100, -100, -100, -100, -100, -100, -100, -100, -100, -100, -100, -100, -100, -100, -100, -100, -100, -100, -100, -100, -100, -100, -100, -100, -100, -100, -100, -100, -100, -100, -100, -100, -100, -100, -100, -100, -100, -100, -100, -100, -100, -100, -100, -100, -100, -100, -100, -100, -100, -100, -100, -100, -100, -100, -100, -100, -100, -100, -100, -100, -100, -100, -100, -100, -100, -100, -100, -100, -100, -100, -100, -100, -100, -100, -100, -100, -100, -100, -100, -100, -100, -100, -100, -100, -100, -100, -100, -100, -100, -100, -100, -100, -100, -100, -100, -100, -100, -100, -100, -100, -100, -100, -100, -100, -100, -100, -100, -100, -100, -100, -100, -100, -100, -100, -100, -100, -100, -100, -100, -100, -100, -100, -100, -100, -100, -100, -100, -100, -100, -100, -100, -100, -100, -100, -100, -100, -100, -100, -100, -100, -100, -100, -100, -100, -100, -100, -100, -100, -100, -100, -100, 2504, 338, 9623, 1705, 0, 1867, 338, 1642, 345, 1254, 523, 922, 30, 198, 3556, 15037, 45532, 29, -100, -100, -100, -100, -100, -100, -100, -100, -100, -100, -100, -100, -100, -100, -100, -100, -100, -100, -100, -100, -100, -100, -100, -100, -100, -100, -100, -100, -100, -100, -100, -100, -100, -100, -100, -100, -100, -100, -100, -100, -100, -100, -100, -100, -100, -100, -100, -100, -100, -100, -100, -100, -100, -100, -100, -100, -100, -100, -100, -100, -100, -100, -100, -100, -100, -100, -100, -100, -100, -100, -100, -100, -100, -100, -100, -100, -100, -100, -100, -100, -100, -100, -100, -100, -100, -100, -100, -100, -100, -100, -100, -100, -100, -100, -100, -100, -100, -100, -100, -100, -100, -100, -100, -100, -100, -100, -100, -100, -100, -100, -100, -100, -100, -100, -100, -100, -100, -100, -100, -100, -100, -100, -100, -100, -100, -100, -100, -100, -100, -100, -100, -100, -100, -100, -100, -100, -100, -100, -100, -100, -100, -100, -100, -100, -100, -100, -100, -100, -100, -100, -100, -100, -100, -100, -100, -100, -100, -100, -100, -100, -100, -100, -100, -100, -100, -100, -100, -100, -100, -100, -100, -100, -100, -100, -100, -100, -100, -100, -100, -100, -100, -100, -100, -100, -100, -100, -100, -100, -100, -100, -100, -100, -100, -100, -100, -100, -100, -100, -100, -100, -100, -100, -100, -100, -100, -100, -100, -100, -100, -100, -100, -100, -100, -100, -100, -100, -100, -100, -100, -100, -100, -100, -100, -100, -100, -100, -100, -100, -100, -100, -100, -100, -100, -100, -100, -100, -100, -100, -100, -100, -100, -100, -100, -100, -100, -100, -100, -100, -100, -100, -100, -100, -100, -100, -100, -100, -100, -100, -100, -100, -100, -100, -100, -100, -100, -100, -100, -100, -100, -100, -100, -100, -100, -100, -100, -100, -100, -100, -100, -100, -100, -100, -100, -100, -100, -100, -100, -100, -100, -100, -100, -100, -100, -100, -100, -100, -100, -100, -100, -100, -100, -100, -100, -100, -100, -100, -100, -100, -100, -100, -100, -100, -100, -100, -100, -100, -100, -100, -100, -100, -100, -100, -100, -100, -100, -100, -100, -100, -100, -100, -100, -100, -100, -100, -100, -100, -100, -100, -100, -100, -100, -100, -100, -100, -100, -100, -100, -100, -100, -100, -100, -100, -100, -100, -100, -100, -100, -100, -100, -100, -100, -100, -100, -100, -100, -100, -100, -100, -100, -100, -100, -100, -100, -100, -100, -100, -100, -100, -100, -100, -100, -100, -100, -100, -100, -100, -100, -100, -100, -100, -100, -100, -100, -100, -100, -100, -100, -100, -100, -100, -100, -100, -100, -100, -100, -100, -100, -100, -100, -100, -100, -100, -100, -100, -100, -100, -100, -100, -100, -100, -100, -100, -100, -100, -100, -100, -100, -100, -100, -100, -100, -100, -100, -100, -100, -100, -100, -100, -100, -100, -100, -100, -100, -100, -100, -100, -100, -100, -100, -100, -100, -100, -100, -100, -100, -100, -100, -100, -100, -100, -100, -100, -100, -100, -100, -100, -100, -100, -100, -100, -100, -100, -100, -100, -100, -100, -100, -100, -100, -100, -100, -100, -100, -100, -100, -100, -100, -100, -100, -100, -100, -100, -100, -100, -100, -100, -100, -100, -100, -100, -100, -100, -100, -100, -100, -100, -100, -100, -100, -100, -100, -100, -100, -100, -100, -100, -100, -100, -100, -100, -100, -100, -100, -100, -100, -100, -100, -100, -100, -100, -100, -100, -100, -100, -100], 'attention_mask': [1, 1, 1, 1, 1, 1, 1, 1, 1, 1, 1, 1, 1, 1, 1, 1, 1, 1, 1, 1, 1, 1, 1, 1, 1, 1, 1, 1, 1, 1, 1, 1, 1, 1, 1, 1, 1, 1, 1, 1, 1, 1, 1, 1, 1, 1, 1, 1, 1, 1, 1, 1, 1, 1, 1, 1, 1, 1, 1, 1, 1, 1, 1, 1, 1, 1, 1, 1, 1, 1, 1, 1, 1, 1, 1, 1, 1, 1, 1, 1, 1, 1, 1, 1, 1, 1, 1, 1, 1, 1, 1, 1, 1, 1, 1, 1, 1, 1, 1, 1, 1, 1, 1, 1, 1, 1, 1, 1, 1, 1, 1, 1, 1, 1, 1, 1, 1, 1, 1, 1, 1, 1, 1, 1, 1, 1, 1, 1, 1, 1, 1, 1, 1, 1, 1, 1, 1, 1, 1, 1, 1, 1, 1, 1, 1, 1, 1, 1, 1, 1, 1, 1, 1, 1, 1, 1, 1, 1, 1, 1, 1, 1, 1, 1, 1, 1, 1, 1, 1, 1, 1, 1, 1, 1, 1, 1, 1, 1, 1, 1, 1, 1, 1, 1, 1, 1, 1, 1, 1, 1, 1, 1, 1, 1, 1, 1, 1, 1, 1, 1, 1, 1, 1, 1, 1, 1, 1, 1, 1, 1, 1, 1, 1, 1, 1, 1, 1, 1, 1, 1, 1, 1, 1, 1, 1, 1, 1, 1, 1, 1, 1, 1, 1, 0, 0, 0, 0, 0, 0, 0, 0, 0, 0, 0, 0, 0, 0, 0, 0, 0, 0, 0, 0, 0, 0, 0, 0, 0, 0, 0, 0, 0, 0, 0, 0, 0, 0, 0, 0, 0, 0, 0, 0, 0, 0, 0, 0, 0, 0, 0, 0, 0, 0, 0, 0, 0, 0, 0, 0, 0, 0, 0, 0, 0, 0, 0, 0, 0, 0, 0, 0, 0, 0, 0, 0, 0, 0, 0, 0, 0, 0, 0, 0, 0, 0, 0, 0, 0, 0, 0, 0, 0, 0, 0, 0, 0, 0, 0, 0, 0, 0, 0, 0, 0, 0, 0, 0, 0, 0, 0, 0, 0, 0, 0, 0, 0, 0, 0, 0, 0, 0, 0, 0, 0, 0, 0, 0, 0, 0, 0, 0, 0, 0, 0, 0, 0, 0, 0, 0, 0, 0, 0, 0, 0, 0, 0, 0, 0, 0, 0, 0, 0, 0, 0, 0, 0, 0, 0, 0, 0, 0, 0, 0, 0, 0, 0, 0, 0, 0, 0, 0, 0, 0, 0, 0, 0, 0, 0, 0, 0, 0, 0, 0, 0, 0, 0, 0, 0, 0, 0, 0, 0, 0, 0, 0, 0, 0, 0, 0, 0, 0, 0, 0, 0, 0, 0, 0, 0, 0, 0, 0, 0, 0, 0, 0, 0, 0, 0, 0, 0, 0, 0, 0, 0, 0, 0, 0, 0, 0, 0, 0, 0, 0, 0, 0, 0, 0, 0, 0, 0, 0, 0, 0, 0, 0, 0, 0, 0, 0, 0, 0, 0, 0, 0, 0, 0, 0, 0, 0, 0, 0, 0, 0, 0, 0, 0, 0, 0, 0, 0, 0, 0, 0, 0, 0, 0, 0, 0, 0, 0, 0, 0, 0, 0, 0, 0, 0, 0, 0, 0, 0, 0, 0, 0, 0, 0, 0, 0, 0, 0, 0, 0, 0, 0, 0, 0, 0, 0, 0, 0, 0, 0, 0, 0, 0, 0, 0, 0, 0, 0, 0, 0, 0, 0, 0, 0, 0, 0, 0, 0, 0, 0, 0, 0, 0, 0, 0, 0, 0, 0, 0, 0, 0, 0, 0, 0, 0, 0, 0, 0, 0, 0, 0, 0, 0, 0, 0, 0, 0, 0, 0, 0, 0, 0, 0, 0, 0, 0, 0, 0, 0, 0, 0, 0, 0, 0, 0, 0, 0, 0, 0, 0, 0, 0, 0, 0, 0, 0, 0, 0, 0, 0, 0, 0, 0, 0, 0, 0, 0, 0, 0, 0, 0, 0, 0, 0, 0, 0, 0, 0, 0, 0, 0, 0, 0, 0, 0, 0, 0, 0, 0, 0, 0, 0, 0, 0, 0, 0, 0, 0, 0, 0, 0, 0, 0, 0, 0, 0, 0, 0, 0, 0, 0, 0, 0, 0, 0, 0, 0, 0, 0, 0, 0, 0, 0, 0, 0, 0, 0, 0, 0, 0, 0, 0, 0, 0, 0, 0, 0, 0, 0, 0, 0, 0, 0, 0, 0, 0, 0, 0, 0, 0, 0, 0, 0, 0, 0, 0, 0, 0, 0, 0, 0, 0, 0, 0, 0, 0, 0, 0, 0, 0, 0, 0, 0, 0, 0, 0, 0, 0, 0, 0, 0, 0, 0, 0, 0, 0, 0, 0, 0, 0, 0, 0, 0, 0, 0, 0, 0, 0, 0, 0, 0, 0, 0, 0, 0, 0]}

Type of input_ids: <class 'list'>
Length of input_ids: 768
input_ids are flat lists (good).
Starting training...
Training started. Total steps: 360
 [360/360 13:19, Epoch 3/3]
Step	Training Loss	Validation Loss
100	0.185700	0.212402
200	0.137800	0.162611
300	0.123700	0.152923
[Step 10/360] Loss: 3.5748, LR: 1.25e-05, ETA: 12.3 min
[Step 20/360] Loss: 2.7899, LR: 2.64e-05, ETA: 11.7 min
[Step 30/360] Loss: 1.6382, LR: 4.03e-05, ETA: 11.3 min
[Step 40/360] Loss: 0.8238, LR: 5.00e-05, ETA: 10.9 min
[Step 50/360] Loss: 0.5415, LR: 4.98e-05, ETA: 10.5 min
[Step 60/360] Loss: 0.4018, LR: 4.94e-05, ETA: 10.2 min
[Step 70/360] Loss: 0.3298, LR: 4.87e-05, ETA: 9.8 min
[Step 80/360] Loss: 0.2519, LR: 4.79e-05, ETA: 9.5 min
[Step 90/360] Loss: 0.2413, LR: 4.68e-05, ETA: 9.1 min
[Step 100/360] Loss: 0.1857, LR: 4.55e-05, ETA: 8.8 min
[Step 100/360], Eval Loss: 0.2124, ETA: 9.8 min
[Step 110/360] Loss: 0.2121, LR: 4.40e-05, ETA: 9.3 min
[Step 120/360] Loss: 0.2332, LR: 4.23e-05, ETA: 8.9 min
[Step 130/360] Loss: 0.1611, LR: 4.05e-05, ETA: 8.5 min
[Step 140/360] Loss: 0.1542, LR: 3.85e-05, ETA: 8.0 min
[Step 150/360] Loss: 0.1682, LR: 3.64e-05, ETA: 7.6 min
[Step 160/360] Loss: 0.1666, LR: 3.42e-05, ETA: 7.2 min
[Step 170/360] Loss: 0.1451, LR: 3.19e-05, ETA: 6.8 min
[Step 180/360] Loss: 0.1454, LR: 2.96e-05, ETA: 6.5 min
[Step 190/360] Loss: 0.1536, LR: 2.72e-05, ETA: 6.1 min
[Step 200/360] Loss: 0.1378, LR: 2.48e-05, ETA: 5.7 min
[Step 200/360], Eval Loss: 0.1626, ETA: 6.0 min
[Step 210/360] Loss: 0.1324, LR: 2.23e-05, ETA: 5.6 min
[Step 220/360] Loss: 0.1815, LR: 1.99e-05, ETA: 5.2 min
[Step 230/360] Loss: 0.1587, LR: 1.76e-05, ETA: 4.8 min
[Step 240/360] Loss: 0.1240, LR: 1.53e-05, ETA: 4.5 min
[Step 250/360] Loss: 0.1304, LR: 1.31e-05, ETA: 4.1 min
[Step 260/360] Loss: 0.1271, LR: 1.11e-05, ETA: 3.7 min
[Step 270/360] Loss: 0.1195, LR: 9.12e-06, ETA: 3.3 min
[Step 280/360] Loss: 0.1156, LR: 7.32e-06, ETA: 2.9 min
[Step 290/360] Loss: 0.1282, LR: 5.69e-06, ETA: 2.6 min
[Step 300/360] Loss: 0.1237, LR: 4.25e-06, ETA: 2.2 min
[Step 300/360], Eval Loss: 0.1529, ETA: 2.3 min
[Step 310/360] Loss: 0.1142, LR: 2.99e-06, ETA: 1.9 min
[Step 320/360] Loss: 0.1123, LR: 1.95e-06, ETA: 1.5 min
[Step 330/360] Loss: 0.1223, LR: 1.12e-06, ETA: 1.1 min
[Step 340/360] Loss: 0.1326, LR: 5.16e-07, ETA: 0.7 min
[Step 350/360] Loss: 0.1105, LR: 1.42e-07, ETA: 0.4 min
[Step 360/360] Loss: 0.1028, LR: 1.18e-09, ETA: 0.0 min
There were missing keys in the checkpoint model loaded: ['lm_head.weight'].
[Step 360/360], ETA: 0.0 min
Saving final model and tokenizer to Freud/freud_model ...
 [60/60 00:22]
[Step 360/360], Eval Loss: 0.1626, ETA: 0.0 min
Training complete!
Final evaluation metrics: {'eval_loss': 0.16261079907417297, 'eval_runtime': 22.8454, 'eval_samples_per_second': 21.011, 'eval_steps_per_second': 2.626, 'epoch': 3.0}